#Version Number
2
#Xrefpoint, Yrefpoint, Zone
491952.326 4290807.696 29S
#LINE xInit yInit xEnd yEnd velocity <user data>
#ARC xInit yInit xCenter yCenter xEnd yEnd velocity adirection radius <user data>
LINE 2.441 34.915 0.000 0.000 0.600
ARC 0.000 0.000 -2.494 0.174 -4.988 0.349 0.600 1.000 2.500
LINE -4.988 0.349 -2.546 35.264 0.600
ARC -2.546 35.264 -5.040 35.438 -7.534 35.612 0.600 -1.000 2.500
LINE -7.534 35.612 -9.976 0.698 0.600
ARC -9.976 0.698 -12.470 0.872 -14.963 1.046 0.600 1.000 2.500
LINE -14.963 1.046 -12.522 35.961 0.600
ARC -12.522 35.961 -15.016 36.135 -17.510 36.310 0.600 -1.000 2.500
LINE -17.510 36.310 -19.951 1.395 0.600
ARC -19.951 1.395 -22.445 1.570 -24.939 1.744 0.600 1.000 2.500
LINE -24.939 1.744 -22.498 36.659 0.600
ARC -22.498 36.659 -24.992 36.833 -27.485 37.007 0.600 -1.000 2.500
LINE -27.485 37.007 -29.927 2.093 0.600
ARC -29.927 2.093 -32.421 2.267 -34.915 2.441 0.600 1.000 2.500
LINE -34.915 2.441 -32.473 37.356 0.600
LINE 0.000 0.000 -34.915 2.441 0.600
ARC -34.915 2.441 -34.740 4.935 -34.566 7.429 0.600 1.000 2.500
LINE -34.566 7.429 0.349 4.988 0.600
ARC 0.349 4.988 0.523 7.482 0.698 9.976 0.600 -1.000 2.500
LINE 0.698 9.976 -34.217 12.417 0.600
ARC -34.217 12.417 -34.043 14.911 -33.868 17.405 0.600 1.000 2.500
LINE -33.868 17.405 1.046 14.963 0.600
ARC 1.046 14.963 1.221 17.457 1.395 19.951 0.600 -1.000 2.500
LINE 1.395 19.951 -33.520 22.393 0.600
ARC -33.520 22.393 -33.345 24.887 -33.171 27.381 0.600 1.000 2.500
LINE -33.171 27.381 1.744 24.939 0.600
ARC 1.744 24.939 1.918 27.433 2.093 29.927 0.600 -1.000 2.500
LINE 2.093 29.927 -32.822 32.368 0.600
ARC -32.822 32.368 -32.648 34.862 -32.473 37.356 0.600 1.000 2.500
LINE -32.473 37.356 2.441 34.915 0.600
LINE -34.915 2.441 -32.473 37.356 0.600
ARC -32.473 37.356 -29.979 37.182 -27.485 37.007 0.600 1.000 2.500
LINE -27.485 37.007 -29.927 2.093 0.600
ARC -29.927 2.093 -27.433 1.918 -24.939 1.744 0.600 -1.000 2.500
LINE -24.939 1.744 -22.498 36.659 0.600
ARC -22.498 36.659 -20.004 36.484 -17.510 36.310 0.600 1.000 2.500
LINE -17.510 36.310 -19.951 1.395 0.600
ARC -19.951 1.395 -17.457 1.221 -14.963 1.046 0.600 -1.000 2.500
LINE -14.963 1.046 -12.522 35.961 0.600
ARC -12.522 35.961 -10.028 35.787 -7.534 35.612 0.600 1.000 2.500
LINE -7.534 35.612 -9.976 0.698 0.600
ARC -9.976 0.698 -7.482 0.523 -4.988 0.349 0.600 -1.000 2.500
LINE -4.988 0.349 -2.546 35.264 0.600
ARC -2.546 35.264 -0.052 35.089 2.441 34.915 0.600 1.000 2.500
LINE 2.441 34.915 0.000 0.000 0.600
