#dxf_parser py starting to parse file
#Version
5
# Origin point
43.93314 15.44417
# Translation point
0.0 0.0

LINE -6.009 -7.669 10.801 -16.519 0.3 -1
ARC 10.801 -16.519 8.472 -20.943 12.623 -18.156 0.3 -1 5.000 -1
ARC 12.623 -18.156 13.661 -17.459 13.648 -16.209 0.3 1 1.250 -1
ARC 13.648 -16.209 13.597 -11.209 11.267 -15.634 0.3 -1 5.000 -1
LINE 11.267 -15.634 -5.543 -6.784 0.3 -1
ARC -5.543 -6.784 -7.872 -11.208 -7.924 -6.208 0.3 1 5.000 -1
ARC -7.924 -6.208 -7.937 -4.958 -6.899 -4.262 0.3 -1 1.250 -1
ARC -6.899 -4.262 -2.748 -1.475 -5.077 -5.899 0.3 1 5.000 -1
LINE -5.077 -5.899 11.733 -14.749 0.3 -1
ARC 11.733 -14.749 9.404 -19.173 13.555 -16.386 0.3 -1 5.000 -1
ARC 13.555 -16.386 14.593 -15.689 14.580 -14.439 0.3 1 1.250 -1
ARC 14.580 -14.439 14.528 -9.440 12.199 -13.864 0.3 -1 5.000 -1
LINE 12.199 -13.864 -4.611 -5.014 0.3 -1
ARC -4.611 -5.014 -6.940 -9.438 -6.992 -4.439 0.3 1 5.000 -1
ARC -6.992 -4.439 -7.005 -3.189 -5.967 -2.492 0.3 -1 1.250 -1
ARC -5.967 -2.492 -1.816 0.295 -4.145 -4.129 0.3 1 5.000 -1
LINE -4.145 -4.129 12.665 -12.979 0.3 -1
ARC 12.665 -12.979 10.336 -17.403 14.487 -14.616 0.3 -1 5.000 -1
ARC 14.487 -14.616 15.525 -13.920 15.512 -12.670 0.3 1 1.250 -1
ARC 15.512 -12.670 15.460 -7.670 13.131 -12.094 0.3 -1 5.000 -1
LINE 13.131 -12.094 -3.679 -3.244 0.3 -1
ARC -3.679 -3.244 -6.009 -7.669 -6.060 -2.669 0.3 1 5.000 -1
ARC -6.060 -2.669 -6.073 -1.419 -5.035 -0.722 0.3 -1 1.250 -1
ARC -5.035 -0.722 -0.884 2.065 -3.213 -2.359 0.3 1 5.000 -1
LINE -3.213 -2.359 13.597 -11.209 0.3 -1
ARC 13.597 -11.209 11.267 -15.634 15.418 -12.847 0.3 -1 5.000 -1
ARC 15.418 -12.847 16.456 -12.150 16.443 -10.900 0.3 1 1.250 -1
ARC 16.443 -10.900 16.392 -5.900 14.062 -10.325 0.3 -1 5.000 -1
LINE 14.062 -10.325 -2.748 -1.475 0.3 -1
ARC -2.748 -1.475 -5.077 -5.899 -5.129 -0.899 0.3 1 5.000 -1
ARC -5.129 -0.899 -5.141 0.351 -4.104 1.048 0.3 -1 1.250 -1
ARC -4.104 1.048 0.048 3.835 -2.282 -0.590 0.3 1 5.000 -1
LINE -2.282 -0.590 14.528 -9.440 0.3 -1
ARC 14.528 -9.440 12.199 -13.864 16.350 -11.077 0.3 -1 5.000 -1
ARC 16.350 -11.077 17.388 -10.380 17.375 -9.130 0.3 1 1.250 -1
ARC 17.375 -9.130 17.323 -4.131 14.994 -8.555 0.3 -1 5.000 -1
LINE 14.994 -8.555 -1.816 0.295 0.3 -1
ARC -1.816 0.295 -4.145 -4.129 -4.197 0.871 0.3 1 5.000 -1
ARC -4.197 0.871 -4.210 2.120 -3.172 2.817 0.3 -1 1.250 -1
ARC -3.172 2.817 0.979 5.604 -1.350 1.180 0.3 1 5.000 -1
LINE -1.350 1.180 15.460 -7.670 0.3 -1
