#dxf_parser py starting to parse file
#Version
5
# Origin point
43.933137 15.444171
# Translation point
0.0 0.0

LINE 15.460 -7.670 -1.350 1.180 0.3 -1
ARC -1.350 1.180 -0.185 3.392 -2.654 2.997 0.3 -1 2.500 -1
ARC -2.654 2.997 -5.122 2.601 -4.051 0.342 0.3 1 2.500 -1
ARC -4.051 0.342 -2.980 -1.917 -1.816 0.295 0.3 -1 2.500 -1
LINE -1.816 0.295 14.994 -8.555 0.3 -1
ARC 14.994 -8.555 16.159 -6.343 17.230 -8.602 0.3 1 2.500 -1
ARC 17.230 -8.602 18.301 -10.861 15.832 -11.256 0.3 -1 2.500 -1
ARC 15.832 -11.256 13.364 -11.652 14.528 -9.440 0.3 1 2.500 -1
LINE 14.528 -9.440 -2.282 -0.590 0.3 -1
ARC -2.282 -0.590 -1.117 1.622 -3.586 1.227 0.3 -1 2.500 -1
ARC -3.586 1.227 -6.054 0.831 -4.983 -1.428 0.3 1 2.500 -1
ARC -4.983 -1.428 -3.912 -3.687 -2.748 -1.475 0.3 -1 2.500 -1
LINE -2.748 -1.475 14.062 -10.325 0.3 -1
ARC 14.062 -10.325 15.227 -8.112 16.298 -10.371 0.3 1 2.500 -1
ARC 16.298 -10.371 17.369 -12.630 14.900 -13.026 0.3 -1 2.500 -1
ARC 14.900 -13.026 12.432 -13.422 13.597 -11.209 0.3 1 2.500 -1
LINE 13.597 -11.209 -3.213 -2.359 0.3 -1
ARC -3.213 -2.359 -2.049 -0.147 -4.517 -0.543 0.3 -1 2.500 -1
ARC -4.517 -0.543 -6.986 -0.938 -5.915 -3.197 0.3 1 2.500 -1
ARC -5.915 -3.197 -4.844 -5.456 -3.679 -3.244 0.3 -1 2.500 -1
LINE -3.679 -3.244 13.131 -12.094 0.3 -1
ARC 13.131 -12.094 14.295 -9.882 15.366 -12.141 0.3 1 2.500 -1
ARC 15.366 -12.141 16.437 -14.400 13.969 -14.796 0.3 -1 2.500 -1
ARC 13.969 -14.796 11.500 -15.191 12.665 -12.979 0.3 1 2.500 -1
LINE 12.665 -12.979 -4.145 -4.129 0.3 -1
ARC -4.145 -4.129 -2.980 -1.917 -5.449 -2.313 0.3 -1 2.500 -1
ARC -5.449 -2.313 -7.918 -2.708 -6.847 -4.967 0.3 1 2.500 -1
ARC -6.847 -4.967 -5.776 -7.226 -4.611 -5.014 0.3 -1 2.500 -1
LINE -4.611 -5.014 12.199 -13.864 0.3 -1
ARC 12.199 -13.864 13.364 -11.652 14.435 -13.911 0.3 1 2.500 -1
ARC 14.435 -13.911 15.506 -16.170 13.037 -16.565 0.3 -1 2.500 -1
ARC 13.037 -16.565 10.569 -16.961 11.733 -14.749 0.3 1 2.500 -1
LINE 11.733 -14.749 -5.077 -5.899 0.3 -1
ARC -5.077 -5.899 -3.912 -3.687 -6.381 -4.082 0.3 -1 2.500 -1
ARC -6.381 -4.082 -8.849 -4.478 -7.778 -6.737 0.3 1 2.500 -1
ARC -7.778 -6.737 -6.707 -8.996 -5.543 -6.784 0.3 -1 2.500 -1
LINE -5.543 -6.784 11.267 -15.634 0.3 -1
ARC 11.267 -15.634 12.432 -13.422 13.503 -15.681 0.3 1 2.500 -1
ARC 13.503 -15.681 14.574 -17.940 12.105 -18.335 0.3 -1 2.500 -1
ARC 12.105 -18.335 9.637 -18.731 10.801 -16.519 0.3 1 2.500 -1
LINE 10.801 -16.519 -6.009 -7.669 0.3 -1
