#Version
3
#Xrefpoint Yrefpoint UTM Zone
491913.173 4290861.763 29S

# LINE xInit yInit xEnd yEnd velocity <nVehicle> <gamma> <user data>
# ARC xInit yInit xCenter yCenter xEnd yEnd velocity adirection radius <nVehicle> <gamma> <user data>
# POINT xInit yInit radius velocity heading time <nVehicle> <gamma> <user data>
# DEPTH depth time <nVehicle> <gamma> <user data>
# ALT altitude time <nVehicle> <gamma> <user data>

# # Mission from vehicle -1
# LINE 0.00 0.00 38.40 0.00 0.50 -1 
# ARC 38.40 0.00 38.40 -13.89 38.40 -27.78 0.50 -1 12.50 -1 
# LINE 38.40 -27.78 0.00 -27.78 0.50 -1 
# ARC 0.00 -27.78 0.00 -16.67 0.00 -5.56 0.50 -1 10.00 -1 
# LINE 0.00 -5.56 38.40 -5.56 0.50 -1 
# ARC 38.40 -5.56 38.40 -19.44 38.40 -33.33 0.50 -1 12.50 -1 
# LINE 38.40 -33.33 0.00 -33.33 0.50 -1 
# ARC 0.00 -33.33 0.00 -22.22 0.00 -11.11 0.50 -1 10.00 -1 
# LINE 0.00 -11.11 38.40 -11.11 0.50 -1 
# ARC 38.40 -11.11 38.40 -25.00 38.40 -38.89 0.50 -1 12.50 -1 
# LINE 38.40 -38.89 0.00 -38.89 0.50 -1 
# ARC 0.00 -38.89 0.00 -27.78 0.00 -16.67 0.50 -1 10.00 -1 
# LINE 0.00 -16.67 38.40 -16.67 0.50 -1 
# ARC 38.40 -16.67 38.40 -30.56 38.40 -44.44 0.50 -1 12.50 -1 
# LINE 38.40 -44.44 0.00 -44.44 0.50 -1 
# ARC 0.00 -44.44 0.00 -33.33 0.00 -22.22 0.50 -1 10.00 -1 
# LINE 0.00 -22.22 38.40 -22.22 0.50 -1 
# ARC 38.40 -22.22 38.40 -36.11 38.40 -50.00 0.50 -1 12.50 -1 
# LINE 38.40 -50.00 0.00 -50.00 0.50 -1 

# Mission from vehicle 1
LINE 0.00 2.50 38.40 2.50 0.50 1 38.4000
ARC 38.40 2.50 38.40 -13.89 38.40 -30.28 0.60 -1 12.50 1 82.0400
LINE 38.40 -30.28 -0.00 -30.28 0.50 1 120.4400
ARC 0.00 -30.28 0.00 -16.67 0.00 -3.06 0.63 -1 10.00 1 155.3400
LINE 0.00 -3.06 38.40 -3.06 0.50 1 193.7400
ARC 38.40 -3.06 38.40 -19.44 38.40 -35.83 0.60 -1 12.50 1 237.3800
LINE 38.40 -35.83 -0.00 -35.83 0.50 1 275.7800
ARC 0.00 -35.83 0.00 -22.22 0.00 -8.61 0.63 -1 10.00 1 310.6800
LINE 0.00 -8.61 38.40 -8.61 0.50 1 349.0800
ARC 38.40 -8.61 38.40 -25.00 38.40 -41.39 0.60 -1 12.50 1 392.7200
LINE 38.40 -41.39 -0.00 -41.39 0.50 1 431.1200
ARC 0.00 -41.39 0.00 -27.78 0.00 -14.17 0.63 -1 10.00 1 466.0200
LINE 0.00 -14.17 38.40 -14.17 0.50 1 504.4200
ARC 38.40 -14.17 38.40 -30.56 38.40 -46.94 0.60 -1 12.50 1 548.0600
LINE 38.40 -46.94 -0.00 -46.94 0.50 1 586.4600
ARC 0.00 -46.94 0.00 -33.33 0.00 -19.72 0.63 -1 10.00 1 621.3600
LINE 0.00 -19.72 38.40 -19.72 0.50 1 659.7600
ARC 38.40 -19.72 38.40 -36.11 38.40 -52.50 0.60 -1 12.50 1 703.4000
LINE 38.40 -52.50 -0.00 -52.50 0.50 1 741.8000

# Mission from vehicle 2
LINE 0.00 -2.50 38.40 -2.50 0.50 2 38.4000
ARC 38.40 -2.50 38.40 -13.89 38.40 -25.28 0.40 -1 12.50 2 82.0400
LINE 38.40 -25.28 0.00 -25.28 0.50 2 120.4400
ARC -0.00 -25.28 0.00 -16.67 0.00 -8.06 0.38 -1 10.00 2 155.3400
LINE 0.00 -8.06 38.40 -8.06 0.50 2 193.7400
ARC 38.40 -8.06 38.40 -19.44 38.40 -30.83 0.40 -1 12.50 2 237.3800
LINE 38.40 -30.83 0.00 -30.83 0.50 2 275.7800
ARC -0.00 -30.83 0.00 -22.22 0.00 -13.61 0.38 -1 10.00 2 310.6800
LINE 0.00 -13.61 38.40 -13.61 0.50 2 349.0800
ARC 38.40 -13.61 38.40 -25.00 38.40 -36.39 0.40 -1 12.50 2 392.7200
LINE 38.40 -36.39 0.00 -36.39 0.50 2 431.1200
ARC -0.00 -36.39 0.00 -27.78 0.00 -19.17 0.38 -1 10.00 2 466.0200
LINE 0.00 -19.17 38.40 -19.17 0.50 2 504.4200
ARC 38.40 -19.17 38.40 -30.56 38.40 -41.94 0.40 -1 12.50 2 548.0600
LINE 38.40 -41.94 0.00 -41.94 0.50 2 586.4600
ARC -0.00 -41.94 0.00 -33.33 0.00 -24.72 0.38 -1 10.00 2 621.3600
LINE 0.00 -24.72 38.40 -24.72 0.50 2 659.7600
ARC 38.40 -24.72 38.40 -36.11 38.40 -47.50 0.40 -1 12.50 2 703.4000
LINE 38.40 -47.50 0.00 -47.50 0.50 2 741.8000

LINE -10.00 0.00 38.40 0.00 0.50 3 48.4000
ARC 38.40 0.00 38.40 -13.89 38.40 -27.78 0.50 -1 12.50 3 92.0400
LINE 38.40 -27.78 0.00 -27.78 0.50 3 130.4400
ARC 0.00 -27.78 0.00 -16.67 0.00 -5.56 0.50 -1 10.00 3 165.3400
LINE 0.00 -5.56 38.40 -5.56 0.50 3 203.7400
ARC 38.40 -5.56 38.40 -19.44 38.40 -33.33 0.50 -1 12.50 3 247.3800
LINE 38.40 -33.33 0.00 -33.33 0.50 3 285.7800
ARC 0.00 -33.33 0.00 -22.22 0.00 -11.11 0.50 -1 10.00 3 320.6800
LINE 0.00 -11.11 38.40 -11.11 0.50 3 359.0800
ARC 38.40 -11.11 38.40 -25.00 38.40 -38.89 0.50 -1 12.50 3 402.7200
LINE 38.40 -38.89 0.00 -38.89 0.50 3 441.1200
ARC 0.00 -38.89 0.00 -27.78 0.00 -16.67 0.50 -1 10.00 3 476.0200
LINE 0.00 -16.67 38.40 -16.67 0.50 3 514.4200
ARC 38.40 -16.67 38.40 -30.56 38.40 -44.44 0.50 -1 12.50 3 558.0600
LINE 38.40 -44.44 0.00 -44.44 0.50 3 596.4600
ARC 0.00 -44.44 0.00 -33.33 0.00 -22.22 0.50 -1 10.00 3 631.3600
LINE 0.00 -22.22 38.40 -22.22 0.50 3 669.7600
ARC 38.40 -22.22 38.40 -36.11 38.40 -50.00 0.50 -1 12.50 3 713.4000
LINE 38.40 -50.00 10.00 -50.00 0.50 3 741.8000
