#Version
3
#Xrefpoint Yrefpoint UTM Zone
491926.42 4290835.788 29S
# Mission for Vehicle 2
LINE 0.000 0.000 -80.000 0.000 0.500 2 80.000
ARC -80.000 0.000 -80.000 -15.000 -80.000 -30.000 0.500 1 15.000 2 127.124
LINE -80.000 -30.000 -0.000 -30.000 0.500 2 207.124
ARC -0.000 -30.000 -0.000 -45.000 -0.000 -60.000 0.500 -1 15.000 2 254.248
LINE -0.000 -60.000 -80.000 -60.000 0.500 2 334.248
# Mission for Vehicle 3
LINE 5.000 -0.000 -80.000 0.000 0.500 3 85.000
ARC -80.000 0.000 -80.000 -15.000 -80.000 -30.000 0.500 1 15.000 3 132.124
LINE -80.000 -30.000 -0.000 -30.000 0.500 3 212.124
ARC -0.000 -30.000 -0.000 -45.000 -0.000 -60.000 0.500 -1 15.000 3 259.248
LINE -0.000 -60.000 -85.000 -60.000 0.500 3 344.248