#Version
3
#Xrefpoint Yrefpoint UTM Zone
491869.604 4290685.478

# LINE xInit yInit xEnd yEnd velocity <nVehicle> <gamma> <user data>
# ARC xInit yInit xCenter yCenter xEnd yEnd velocity adirection radius <nVehicle> <gamma> <user data>
# POINT xInit yInit radius velocity heading time <nVehicle> <gamma> <user data>
# DEPTH depth time <nVehicle> <gamma> <user data>
# ALT altitude time <nVehicle> <gamma> <user data>

# Mission from vehicle -1
LINE -0.95 104.97 -0.95 9.08 0.30 -1
ARC -0.95 9.08 6.01 7.30 6.96 0.18 0.30 1 7.18 -1
LINE 6.96 0.18 39.34 -0.07 0.30 -1
ARC 39.34 -0.07 41.61 12.85 54.17 9.08 0.30 1 13.12 -1
LINE 54.17 9.08 54.66 41.70 0.30 -1
ARC 54.66 41.70 41.40 38.40 38.84 51.83 0.30 1 13.67 -1
LINE 38.84 51.83 -45.93 52.08 0.30 -1
ARC -45.93 52.08 -45.05 60.17 -52.85 62.46 0.30 -1 8.13 -1
LINE -52.85 62.46 -53.10 93.85 0.30 -1
ARC -53.10 93.85 -42.54 94.27 -40.99 104.73 0.30 -1 10.57 -1
LINE -40.99 104.73 -12.07 104.23 0.30 -1
ARC -12.07 104.23 -10.15 95.72 -1.69 93.60 0.30 -1 8.73 -1
LINE -1.69 93.60 -0.95 9.08 0.30 -1
ARC -0.95 9.08 6.01 7.30 6.96 0.18 0.30 1 7.18 -1
LINE 6.96 0.18 39.34 -0.07 0.30 -1
ARC 39.34 -0.07 41.61 12.85 54.17 9.08 0.30 1 13.12 -1
LINE 54.17 9.08 54.66 41.70 0.30 -1
ARC 54.66 41.70 41.40 38.40 38.84 51.83 0.30 1 13.67 -1
LINE 38.84 51.83 -45.93 52.08 0.30 -1
ARC -45.93 52.08 -45.05 60.17 -52.85 62.46 0.30 -1 8.13 -1
LINE -52.85 62.46 -53.10 93.85 0.30 -1
ARC -53.10 93.85 -42.54 94.27 -40.99 104.73 0.30 -1 10.57 -1
LINE -40.99 104.73 -12.07 104.23 0.30 -1
ARC -12.07 104.23 -10.15 95.72 -1.69 93.60 0.30 -1 8.73 -1
LINE -1.69 93.60 -0.95 9.08 0.30 -1
ARC -0.95 9.08 6.01 7.30 6.96 0.18 0.30 1 7.18 -1
LINE 6.96 0.18 39.34 -0.07 0.30 -1
ARC 39.34 -0.07 41.61 12.85 54.17 9.08 0.30 1 13.12 -1
LINE 54.17 9.08 54.66 41.70 0.30 -1
ARC 54.66 41.70 41.40 38.40 38.84 51.83 0.30 1 13.67 -1
LINE 38.84 51.83 -45.93 52.08 0.30 -1
ARC -45.93 52.08 -45.05 60.17 -52.85 62.46 0.30 -1 8.13 -1
LINE -52.85 62.46 -53.10 93.85 0.30 -1
ARC -53.10 93.85 -42.54 94.27 -40.99 104.73 0.30 -1 10.57 -1
LINE -40.99 104.73 -12.07 104.23 0.30 -1
ARC -12.07 104.23 -10.15 95.72 -1.69 93.60 0.30 -1 8.73 -1
LINE -1.69 93.60 -0.95 9.08 0.30 -1
ARC -0.95 9.08 6.01 7.30 6.96 0.18 0.30 1 7.18 -1
LINE 6.96 0.18 39.34 -0.07 0.30 -1
ARC 39.34 -0.07 41.61 12.85 54.17 9.08 0.30 1 13.12 -1
LINE 54.17 9.08 54.66 41.70 0.30 -1
ARC 54.66 41.70 41.40 38.40 38.84 51.83 0.30 1 13.67 -1
LINE 38.84 51.83 -45.93 52.08 0.30 -1
ARC -45.93 52.08 -45.05 60.17 -52.85 62.46 0.30 -1 8.13 -1
LINE -52.85 62.46 -53.10 93.85 0.30 -1
ARC -53.10 93.85 -42.54 94.27 -40.99 104.73 0.30 -1 10.57 -1
LINE -40.99 104.73 -12.07 104.23 0.30 -1
ARC -12.07 104.23 -10.15 95.72 -1.69 93.60 0.30 -1 8.73 -1
LINE -1.69 93.60 -0.95 9.08 0.30 -1 
