#Version Number
3
#Xrefpoint, Yrefpoint, Zone
491920.830 4290869.670 29S
#LINE xInit yInit xEnd yEnd velocity <nVehicle> <Gamma> <user data>
#ARC xInit yInit xCenter yCenter xEnd yEnd velocity adirection radius <nVehicle> <Gamma> <user data>
#
#
# RED Mission
LINE -20.000 10.000 -111.000 10.000 0.500 1
ARC -111.000 10.000 -111.000 0.000 -121.000 0.000 0.500 1 10.000 1
LINE -121.000 0.000 -121.000 -40.000 0.500 1
ARC -121.000 -40.000 -111.000 -40.000 -111.000 -50.000 0.500 1 10.000 1
LINE -111.000 -50.000 -10.000 -50.000 0.500 1
ARC -10.000 -50.000 -10.000 -40.000 0.000 -40.000 0.500 1 10.000 1
LINE 0.000 -40.000 0.000 0.000 0.500 1
ARC 0.000 0.000 -10.000 0.000 -10.000 10.000 0.500 1 10.000 1
LINE -10.000 10.000 -20.000 10.000 0.500 1
#2nd Loop
LINE -20.000 10.000 -111.000 10.000 0.500 1
ARC -111.000 10.000 -111.000 0.000 -121.000 0.000 0.500 1 10.000 1
LINE -121.000 0.000 -121.000 -40.000 0.500 1
ARC -121.000 -40.000 -111.000 -40.000 -111.000 -50.000 0.500 1 10.000 1
LINE -111.000 -50.000 -10.000 -50.000 0.500 1
ARC -10.000 -50.000 -10.000 -40.000 0.000 -40.000 0.500 1 10.000 1
LINE 0.000 -40.000 0.000 0.000 0.500 1
ARC 0.000 0.000 -10.000 0.000 -10.000 10.000 0.500 1 10.000 1
LINE -10.000 10.000 -20.000 10.000 0.500 1
#3rd Loop
LINE -20.000 10.000 -111.000 10.000 0.500 1
ARC -111.000 10.000 -111.000 0.000 -121.000 0.000 0.500 1 10.000 1
LINE -121.000 0.000 -121.000 -40.000 0.500 1
ARC -121.000 -40.000 -111.000 -40.000 -111.000 -50.000 0.500 1 10.000 1
LINE -111.000 -50.000 -10.000 -50.000 0.500 1
ARC -10.000 -50.000 -10.000 -40.000 0.000 -40.000 0.500 1 10.000 1
LINE 0.000 -40.000 0.000 0.000 0.500 1
ARC 0.000 0.000 -10.000 0.000 -10.000 10.000 0.500 1 10.000 1
LINE -10.000 10.000 -20.000 10.000 0.500 1
#
#
# BLACK Mission
LINE -90.000 10.000 -111.000 10.000 0.500 2
ARC -111.000 10.000 -111.000 0.000 -121.000 0.000 0.500 1 10.000 2
LINE -121.000 0.000 -121.000 -40.000 0.500 2
ARC -121.000 -40.000 -111.000 -40.000 -111.000 -50.000 0.500 1 10.000 2
LINE -111.000 -50.000 -10.000 -50.000 0.500 2
ARC -10.000 -50.000 -10.000 -40.000 0.000 -40.000 0.500 1 10.000 2
LINE 0.000 -40.000 0.000 0.000 0.500 2
ARC 0.000 0.000 -10.000 0.000 -10.000 10.000 0.500 1 10.000 2
LINE -10.000 10.000 -90.000 10.000 0.500 2
# 2nd Loop
LINE -90.000 10.000 -111.000 10.000 0.500 2
ARC -111.000 10.000 -111.000 0.000 -121.000 0.000 0.500 1 10.000 2
LINE -121.000 0.000 -121.000 -40.000 0.500 2
ARC -121.000 -40.000 -111.000 -40.000 -111.000 -50.000 0.500 1 10.000 2
LINE -111.000 -50.000 -10.000 -50.000 0.500 2
ARC -10.000 -50.000 -10.000 -40.000 0.000 -40.000 0.500 1 10.000 2
LINE 0.000 -40.000 0.000 0.000 0.500 2
ARC 0.000 0.000 -10.000 0.000 -10.000 10.000 0.500 1 10.000 2
LINE -10.000 10.000 -90.000 10.000 0.500 2
#3rd Loop
LINE -90.000 10.000 -111.000 10.000 0.500 2
ARC -111.000 10.000 -111.000 0.000 -121.000 0.000 0.500 1 10.000 2
LINE -121.000 0.000 -121.000 -40.000 0.500 2
ARC -121.000 -40.000 -111.000 -40.000 -111.000 -50.000 0.500 1 10.000 2
LINE -111.000 -50.000 -10.000 -50.000 0.500 2
ARC -10.000 -50.000 -10.000 -40.000 0.000 -40.000 0.500 1 10.000 2
LINE 0.000 -40.000 0.000 0.000 0.500 2
ARC 0.000 0.000 -10.000 0.000 -10.000 10.000 0.500 1 10.000 2
LINE -10.000 10.000 -90.000 10.000 0.500 2