#Version
3
#Xrefpoint Yrefpoint UTM Zone
502757.593 4625051.051 31S


# LINE xInit yInit xEnd yEnd velocity <nVehicle> <gamma> <user data>
# ARC xInit yInit xCenter yCenter xEnd yEnd velocity adirection radius <nVehicle> <gamma> <user data>
# POINT xInit yInit radius velocity heading time <nVehicle> <gamma> <user data>
# DEPTH depth time <nVehicle> <gamma> <user data>
# ALT altitude time <nVehicle> <gamma> <user data>

# Mission from vehicle -1
LINE 0.000 0.000 0.000 116.602 0.3 -1
ARC 0.000 116.602 50.000 116.602 50.000 166.602 0.3 -1 50.000 -1
LINE 50.000 166.602 137.203 166.602 0.3 -1
ARC 137.203 166.602 137.203 116.602 187.203 116.602 0.3 -1 50.000 -1
LINE 187.203 116.602 187.203 -76.845 0.3 -1
LINE 187.203 -76.845 48.255 -76.845 0.3 -1
ARC 48.255 -76.845 48.255 23.155 -51.745 23.155 0.3 -1 100.000 -1
LINE -51.745 23.155 -51.745 225.604 0.3 -1
ARC -51.745 225.604 -41.745 225.604 -41.745 235.604 0.3 -1 10.000 -1
LINE -41.745 235.604 209.010 235.604 0.3 -1
ARC 209.010 235.604 209.010 225.604 219.010 225.604 0.3 -1 10.000 -1
LINE 219.010 225.604 219.010 -103.205 0.3 -1
LINE 219.010 -103.205 386.584 50.306 0.3 -1
LINE 386.584 50.306 219.010 -103.205 0.3 -1
LINE 219.010 -103.205 435.460 -103.205 0.3 -1
LINE 435.460 -103.205 527.004 134.039 0.3 -1
LINE 527.004 134.039 569.116 158.897 0.3 -1
LINE 569.116 158.897 640.490 148.043 0.3 -1
LINE 640.490 148.043 671.522 89.119 0.3 -1
LINE 671.522 89.119 653.678 20.117 0.3 -1
LINE 653.678 20.117 611.009 -3.142 0.3 -1
LINE 611.009 -3.142 549.721 20.892 0.3 -1
LINE 549.721 20.892 481.232 15.417 0.3 -1
LINE 481.232 15.417 456.624 117.806 0.3 -1
LINE 456.624 117.806 456.624 176.729 0.3 -1
LINE 456.624 176.729 520.240 239.529 0.3 -1
LINE 520.240 239.529 642.817 239.529 0.3 -1
LINE 642.817 239.529 726.604 176.729 0.3 -1
LINE 726.604 176.729 739.017 92.221 0.3 -1
LINE 739.017 92.221 690.917 -36.480 0.3 -1
LINE 690.917 -36.480 495.414 -16.322 0.3 -1
LINE 495.414 -16.322 418.610 21.668 0.3 -1
LINE 418.610 21.668 389.129 128.660 0.3 -1
LINE 389.129 128.660 409.135 248.619 0.3 -1
ARC 409.135 248.619 418.999 246.974 415.415 256.309 0.3 -1 10.000 -1
LINE 415.415 256.309 544.228 305.765 0.3 -1
ARC 544.228 305.765 547.812 296.430 550.645 306.020 0.3 -1 10.000 -1
LINE 550.645 306.020 794.099 234.102 0.3 -1
LINE 794.099 234.102 858.490 30.196 0.3 -1
LINE 858.490 30.196 771.877 -87.381 0.3 -1
LINE 771.877 -87.381 961.015 -146.612 0.3 -1
LINE 961.015 -146.612 1254.118 -76.943 0.3 -1
LINE 1254.118 -76.943 1329.076 110.332 0.3 -1
LINE 1329.076 110.332 1254.990 257.538 0.3 -1
LINE 1254.990 257.538 1071.073 303.488 0.3 -1
ARC 1071.073 303.488 1068.649 293.786 1063.018 302.050 0.3 1 10.000 -1
LINE 1063.018 302.050 973.657 241.161 0.3 -1
ARC 973.657 241.161 979.288 232.897 969.787 236.016 0.3 1 10.000 -1
LINE 969.787 236.016 934.240 127.753 0.3 -1
LINE 934.240 127.753 1020.529 -3.775 0.3 -1
LINE 1020.529 -3.775 1170.444 -58.651 0.3 -1
LINE 1170.444 -58.651 1241.916 96.395 0.3 -1
LINE 1241.916 96.395 1241.916 338.546 0.3 -1
LINE 1241.916 338.546 1123.378 338.546 0.3 -1
LINE 1123.378 338.546 1123.378 367.290 0.3 -1
LINE 1123.378 367.290 1356.967 367.290 0.3 -1
LINE 1356.967 367.290 1346.508 335.061 0.3 -1
LINE 1346.508 335.061 1274.165 335.061 0.3 -1
LINE 1274.165 335.061 1274.165 -135.303 0.3 -1
LINE 1274.165 -135.303 592.631 -254.805 0.3 -1
LINE 592.631 -254.805 210.869 -254.805 0.3 -1
LINE 210.869 -254.805 210.869 -254.805 0.3 -1
ARC 210.869 -254.805 210.869 -583.440 -31.737 -361.757 0.3 1 328.635 -1
ARC -31.737 -361.757 -129.343 -272.569 -226.950 -361.757 0.3 -1 132.218 -1
ARC -226.950 -361.757 -168.992 -363.105 -126.195 -323.998 0.3 -1 57.973 -1
ARC -126.195 -323.998 -88.925 -240.053 2.897 -242.187 0.3 1 91.847 -1
ARC 2.897 -242.187 33.605 -204.680 53.275 -160.376 0.3 -1 48.474 -1
ARC 53.275 -160.376 706.042 636.934 730.222 -393.223 0.3 1 1030.441 -1
ARC 730.222 -393.223 727.770 -288.756 830.977 -305.119 0.3 1 104.496 -1
ARC 830.977 -305.119 884.503 -313.605 938.029 -305.119 0.3 -1 54.195 -1
ARC 938.029 -305.119 1083.842 -282.001 1035.636 -421.542 0.3 1 147.634 -1
LINE 1035.636 -421.542 1243.443 -301.972 0.3 -1
ARC 1243.443 -301.972 1290.845 -384.355 1385.130 -396.370 0.3 -1 95.047 -1
LINE 1385.130 -396.370 1174.174 -512.793 0.3 -1
