3
357725.443829966 4264777.54945621 26S
LINE 19.950 73.746 -10.628 28.030 0.3 -1
LINE -10.628 28.030 -32.899 -5.268 0.3 -1
LINE -32.899 -5.268 -2.610 -25.527 0.3 -1
LINE -2.610 -25.527 19.662 7.770 0.3 -1
ARC 19.662 7.770 7.193 16.110 15.533 28.578 0.3 1 15.000 -1
LINE 15.533 28.578 10.179 32.159 0.3 -1
ARC 10.179 32.159 1.840 19.690 -10.628 28.030 0.3 1 15.000 -1
LINE -10.628 28.030 -32.899 -5.268 0.3 -1
LINE -32.899 -5.268 -2.610 -25.527 0.3 -1
LINE -2.610 -25.527 29.526 22.518 0.3 -1
ARC 29.526 22.518 17.057 30.857 32.057 30.857 0.3 1 15.000 -1
LINE 32.057 30.857 32.057 45.604 0.3 -1
ARC 32.057 45.604 17.057 45.604 25.397 58.072 0.3 1 15.000 -1
LINE 25.397 58.072 14.390 65.434 0.3 -1
ARC 14.390 65.434 1.881 46.732 -10.628 28.030 0.3 1 22.500 -1
LINE -10.628 28.030 15.506 10.550 0.3 -1
ARC 15.506 10.550 23.845 23.018 32.184 35.487 0.3 1 15.000 -1
LINE 32.184 35.487 6.051 52.966 0.3 -1
ARC 6.051 52.966 -6.458 34.264 -18.967 15.562 0.3 1 22.500 -1
LINE -18.967 15.562 7.166 -1.918 0.3 -1
ARC 7.166 -1.918 15.506 10.550 23.845 23.018 0.3 1 15.000 -1
LINE 23.845 23.018 -10.601 46.058 0.3 -1
