3
357725.443829966 4264777.54945621 26S
LINE 8.323 56.363 -32.899 -5.268 0.3 -1
LINE -32.899 -5.268 -2.610 -25.527 0.3 -1
LINE -2.610 -25.527 21.253 10.150 0.3 -1
ARC 21.253 10.150 8.785 18.490 17.498 30.700 0.3 1 15.000 -1
LINE 17.498 30.700 -9.391 49.901 0.3 -1
ARC -9.391 49.901 -18.110 37.695 -26.830 25.490 0.3 1 15.000 -1
LINE -26.830 25.490 5.720 2.250 0.3 -1
ARC 5.720 2.250 14.440 14.455 23.159 26.661 0.3 1 15.000 -1
LINE 23.159 26.661 -9.391 49.901 0.3 -1
ARC -9.391 49.901 -18.110 37.695 -26.830 25.490 0.3 1 15.000 -1
LINE -26.830 25.490 5.720 2.250 0.3 -1
ARC 5.720 2.250 14.440 14.455 23.159 26.661 0.3 1 15.000 -1
LINE 23.159 26.661 -9.391 49.901 0.3 -1
ARC -9.391 49.901 -18.110 37.695 -26.830 25.490 0.3 1 15.000 -1
LINE -26.830 25.490 5.720 2.250 0.3 -1
ARC 5.720 2.250 14.440 14.455 23.159 26.661 0.3 1 15.000 -1
LINE 23.159 26.661 -9.400 49.892 0.3 -1
ARC -9.400 49.892 -18.105 37.677 -26.811 25.462 0.3 1 15.000 -1
LINE -26.811 25.462 5.753 2.241 0.3 -1
ARC 5.753 2.241 15.045 15.266 24.338 28.291 0.3 1 16.000 -1
LINE 24.338 28.291 -8.232 51.531 0.3 -1
ARC -8.232 51.531 -16.938 39.315 -25.643 27.100 0.3 1 15.000 -1
LINE -25.643 27.100 6.920 3.879 0.3 -1
ARC 6.920 3.879 16.213 16.904 25.505 29.929 0.3 1 16.000 -1
LINE 25.505 29.929 -7.065 53.169 0.3 -1
ARC -7.065 53.169 -15.770 40.954 -24.476 28.738 0.3 1 15.000 -1
LINE -24.476 28.738 8.088 5.517 0.3 -1
ARC 8.088 5.517 17.380 18.542 26.673 31.567 0.3 1 16.000 -1
LINE 26.673 31.567 -5.897 54.807 0.3 -1
ARC -5.897 54.807 -14.603 42.592 -23.308 30.376 0.3 1 15.000 -1
LINE -23.308 30.376 9.255 7.155 0.3 -1
ARC 9.255 7.155 18.548 20.180 27.840 33.205 0.3 1 16.000 -1
LINE 27.840 33.205 -4.730 56.445 0.3 -1
ARC -4.730 56.445 -13.435 44.230 -22.141 32.015 0.3 1 15.000 -1
LINE -22.141 32.015 10.423 8.793 0.3 -1
ARC 10.423 8.793 19.715 21.818 29.008 34.843 0.3 1 16.000 -1
LINE 29.008 34.843 -3.562 58.083 0.3 -1
ARC -3.562 58.083 -12.268 45.868 -20.973 33.653 0.3 1 15.000 -1
LINE -20.973 33.653 11.590 10.432 0.3 -1
