3
357725.443829966 4264777.54945621 26S
LINE -9.411 49.901 23.159 26.661 0.3 -1
ARC 23.159 26.661 14.440 14.455 5.720 2.250 0.3 -1 15.000 -1
LINE 5.720 2.250 -26.830 25.490 0.3 -1
ARC -26.830 25.490 -17.536 38.514 -8.241 51.537 0.3 -1 16.000 -1
LINE -8.241 51.537 24.329 28.297 0.3 -1
ARC 24.329 28.297 15.609 16.092 6.889 3.887 0.3 -1 15.000 -1
LINE 6.889 3.887 -25.661 27.127 0.3 -1
ARC -25.661 27.127 -16.366 40.151 -7.072 53.174 0.3 -1 16.000 -1
LINE -7.072 53.174 25.498 29.934 0.3 -1
ARC 25.498 29.934 16.778 17.729 8.059 5.524 0.3 -1 15.000 -1
LINE 8.059 5.524 -24.491 28.764 0.3 -1
ARC -24.491 28.764 -15.197 41.787 -5.903 54.811 0.3 -1 16.000 -1
LINE -5.903 54.811 26.667 31.571 0.3 -1
ARC 26.667 31.571 17.948 19.366 9.228 7.160 0.3 -1 15.000 -1
LINE 9.228 7.160 -23.322 30.400 0.3 -1
ARC -23.322 30.400 -14.028 43.424 -4.733 56.448 0.3 -1 16.000 -1
LINE -4.733 56.448 27.837 33.208 0.3 -1
ARC 27.837 33.208 19.117 21.003 10.397 8.797 0.3 -1 15.000 -1
LINE 10.397 8.797 -22.153 32.037 0.3 -1
ARC -22.153 32.037 -12.858 45.061 -3.564 58.085 0.3 -1 16.000 -1
LINE -3.564 58.085 29.006 34.845 0.3 -1
ARC 29.006 34.845 20.286 22.639 11.567 10.434 0.3 -1 15.000 -1
LINE 11.567 10.434 -20.983 33.674 0.3 -1
ARC -20.983 33.674 -11.689 46.698 -2.395 59.722 0.3 -1 16.000 -1
LINE -2.395 59.722 30.175 36.482 0.3 -1
ARC 30.175 36.482 21.456 24.276 12.736 12.071 0.3 -1 15.000 -1
