3
357725.443829966 4264777.54945621 26S
LINE 21.612 -127.366 24.937 -129.589 0.3 -1
LINE 24.937 -129.589 23.159 26.661 0.3 -1
LINE 23.159 26.661 -9.391 49.901 0.3 -1
ARC -9.391 49.901 -18.110 37.695 -26.830 25.490 0.3 1 15.000 -1
LINE -26.830 25.490 5.720 2.250 0.3 -1
ARC 5.720 2.250 14.440 14.455 23.159 26.661 0.3 1 15.000 -1
LINE 23.159 26.661 -9.391 49.901 0.3 -1
ARC -9.391 49.901 -18.110 37.695 -26.830 25.490 0.3 1 15.000 -1
LINE -26.830 25.490 5.720 2.250 0.3 -1
ARC 5.720 2.250 14.440 14.455 23.159 26.661 0.3 1 15.000 -1
LINE 23.159 26.661 -9.391 49.901 0.3 -1
ARC -9.391 49.901 -18.110 37.695 -26.830 25.490 0.3 1 15.000 -1
LINE -26.830 25.490 5.720 2.250 0.3 -1
ARC 5.720 2.250 14.440 14.455 23.159 26.661 0.3 1 15.000 -1
LINE 23.159 26.661 -9.400 49.892 0.3 -1
ARC -9.400 49.892 -18.105 37.677 -26.811 25.462 0.3 1 15.000 -1
LINE -26.811 25.462 5.753 2.241 0.3 -1
ARC 5.753 2.241 15.045 15.266 24.338 28.291 0.3 1 16.000 -1
LINE 24.338 28.291 -8.232 51.531 0.3 -1
ARC -8.232 51.531 -16.938 39.315 -25.643 27.100 0.3 1 15.000 -1
LINE -25.643 27.100 6.920 3.879 0.3 -1
ARC 6.920 3.879 16.213 16.904 25.505 29.929 0.3 1 16.000 -1
LINE 25.505 29.929 -7.065 53.169 0.3 -1
ARC -7.065 53.169 -15.770 40.954 -24.476 28.738 0.3 1 15.000 -1
LINE -24.476 28.738 8.088 5.517 0.3 -1
ARC 8.088 5.517 17.380 18.542 26.673 31.567 0.3 1 16.000 -1
LINE 26.673 31.567 -5.897 54.807 0.3 -1
ARC -5.897 54.807 -14.603 42.592 -23.308 30.376 0.3 1 15.000 -1
LINE -23.308 30.376 9.255 7.155 0.3 -1
ARC 9.255 7.155 18.548 20.180 27.840 33.205 0.3 1 16.000 -1
LINE 27.840 33.205 -4.730 56.445 0.3 -1
ARC -4.730 56.445 -13.435 44.230 -22.141 32.015 0.3 1 15.000 -1
LINE -22.141 32.015 10.423 8.793 0.3 -1
ARC 10.423 8.793 19.715 21.818 29.008 34.843 0.3 1 16.000 -1
LINE 29.008 34.843 -3.562 58.083 0.3 -1
ARC -3.562 58.083 -12.268 45.868 -20.973 33.653 0.3 1 15.000 -1
LINE -20.973 33.653 11.590 10.432 0.3 -1
ARC 11.590 10.432 20.883 23.457 30.175 36.482 0.3 1 16.000 -1
LINE 30.175 36.482 -2.383 59.713 0.3 -1
ARC -2.383 59.713 -11.089 47.498 -19.794 35.283 0.3 1 15.000 -1
LINE -19.794 35.283 12.769 12.062 0.3 -1
ARC 12.769 12.062 22.062 25.087 31.354 38.112 0.3 1 16.000 -1
LINE 31.354 38.112 -1.216 61.352 0.3 -1
ARC -1.216 61.352 -9.921 49.136 -18.627 36.921 0.3 1 15.000 -1
LINE -18.627 36.921 13.937 13.700 0.3 -1
ARC 13.937 13.700 23.229 26.725 32.522 39.750 0.3 1 16.000 -1
LINE 32.522 39.750 -0.048 62.990 0.3 -1
ARC -0.048 62.990 -8.754 50.774 -17.459 38.559 0.3 1 15.000 -1
LINE -17.459 38.559 15.104 15.338 0.3 -1
ARC 15.104 15.338 24.397 28.363 33.689 41.388 0.3 1 16.000 -1
LINE 33.689 41.388 1.119 64.628 0.3 -1
ARC 1.119 64.628 -7.586 52.413 -16.292 40.197 0.3 1 15.000 -1
LINE -16.292 40.197 16.272 16.976 0.3 -1
ARC 16.272 16.976 25.564 30.001 34.857 43.026 0.3 1 16.000 -1
LINE 34.857 43.026 2.287 66.266 0.3 -1
ARC 2.287 66.266 -6.419 54.051 -15.124 41.836 0.3 1 15.000 -1
LINE -15.124 41.836 17.439 18.614 0.3 -1
ARC 17.439 18.614 26.732 31.639 36.024 44.664 0.3 1 16.000 -1
LINE 36.024 44.664 3.454 67.904 0.3 -1
ARC 3.454 67.904 -5.251 55.689 -13.957 43.474 0.3 1 15.000 -1
LINE -13.957 43.474 18.607 20.253 0.3 -1
ARC 18.607 20.253 27.899 33.278 37.192 46.303 0.3 1 16.000 -1
LINE 37.192 46.303 4.633 69.534 0.3 -1
ARC 4.633 69.534 -4.073 57.319 -12.778 45.104 0.3 1 15.000 -1
LINE -12.778 45.104 19.785 21.883 0.3 -1
ARC 19.785 21.883 29.078 34.908 38.370 47.933 0.3 1 16.000 -1
LINE 38.370 47.933 5.812 71.165 0.3 -1
ARC 5.812 71.165 -2.894 58.949 -11.599 46.734 0.3 1 15.000 -1
LINE -11.599 46.734 20.964 23.513 0.3 -1
ARC 20.964 23.513 30.257 36.538 39.549 49.563 0.3 1 16.000 -1
LINE 39.549 49.563 6.990 72.795 0.3 -1
ARC 6.990 72.795 -1.715 60.579 -10.421 48.364 0.3 1 15.000 -1
LINE -10.421 48.364 22.143 25.143 0.3 -1
