#Version
3
#Xrefpoint Yrefpoint UTM Zone
358007.190041 4265156.64416 26S

# LINE xInit yInit xEnd yEnd velocity <nVehicle> <gamma> <user data>
# ARC xInit yInit xCenter yCenter xEnd yEnd velocity adirection radius <nVehicle> <gamma> <user data>
# POINT xInit yInit radius velocity heading time <nVehicle> <gamma> <user data>
# DEPTH depth time <nVehicle> <gamma> <user data>
# ALT altitude time <nVehicle> <gamma> <user data>

# Mission from vehicle -1
LINE 0.00 0.00 45.96 38.57 0.30 -1 
ARC 45.96 38.57 52.39 30.91 58.82 23.25 0.30 -1 10.00 -1 
LINE 58.82 23.25 12.86 -15.32 0.30 -1 
ARC 12.86 -15.32 5.71 -6.81 -1.43 1.70 0.30 -1 11.11 -1 
LINE -1.43 1.70 44.53 40.27 0.30 -1 
ARC 44.53 40.27 50.96 32.61 57.39 24.95 0.30 -1 10.00 -1 
LINE 57.39 24.95 11.43 -13.62 0.30 -1 
ARC 11.43 -13.62 4.28 -5.11 -2.86 3.40 0.30 -1 11.11 -1 
LINE -2.86 3.40 43.11 41.97 0.30 -1 
ARC 43.11 41.97 49.53 34.31 55.96 26.65 0.30 -1 10.00 -1 
LINE 55.96 26.65 10.00 -11.92 0.30 -1 
ARC 10.00 -11.92 2.86 -3.40 -4.29 5.11 0.30 -1 11.12 -1 
LINE -4.29 5.11 41.68 43.67 0.30 -1 
ARC 41.68 43.67 48.11 36.01 54.53 28.35 0.30 -1 10.00 -1 
LINE 54.53 28.35 8.57 -10.21 0.30 -1 
ARC 8.57 -10.21 1.43 -1.70 -5.71 6.81 0.30 -1 11.11 -1 
LINE -5.71 6.81 40.25 45.38 0.30 -1 
ARC 40.25 45.38 46.68 37.72 53.10 30.06 0.30 -1 10.00 -1 
LINE 53.10 30.06 7.14 -8.51 0.30 -1 
ARC 7.14 -8.51 0.00 0.00 -7.14 8.51 0.30 -1 11.11 -1 
LINE -7.14 8.51 38.82 47.08 0.30 -1 
ARC 38.82 47.08 45.25 39.42 51.68 31.76 0.30 -1 10.00 -1 
LINE 51.68 31.76 5.71 -6.81 0.30 -1 
ARC 5.71 -6.81 -1.43 1.70 -8.57 10.21 0.30 -1 11.11 -1 
LINE -8.57 10.21 6.75 23.07 0.30 -1 
ARC 6.75 23.07 13.18 15.40 20.84 21.84 0.30 -1 10.01 -1 
LINE 20.84 21.84 39.05 0.13 0.30 -1 
