#Version
3
#Xrefpoint Yrefpoint UTM Zone
491869.512 4290677.506

# LINE xInit yInit xEnd yEnd velocity <nVehicle> <gamma> <user data>
# ARC xInit yInit xCenter yCenter xEnd yEnd velocity adirection radius <nVehicle> <gamma> <user data>
# POINT xInit yInit radius velocity heading time <nVehicle> <gamma> <user data>
# DEPTH depth time <nVehicle> <gamma> <user data>
# ALT altitude time <nVehicle> <gamma> <user data>

# Mission from vehicle -1
LINE -22.57 61.85 31.92 62.36 0.30 -1
ARC 31.92 62.36 29.09 75.44 42.47 75.30 0.30 1 13.38 -1
LINE 42.47 75.30 42.81 101.35 0.30 -1
ARC 42.81 101.35 30.67 102.62 30.00 114.81 0.30 1 12.21 -1
LINE 30.00 114.81 -24.61 114.46 0.30 -1
ARC -24.61 114.46 -25.75 101.33 -38.91 102.03 0.30 1 13.18 -1
LINE -38.91 102.03 -38.74 74.11 0.30 -1
ARC -38.74 74.11 -25.79 74.78 -26.82 61.85 0.30 1 12.97 -1
LINE -26.82 61.85 -22.57 61.85 0.30 -1
LINE -22.57 61.85 31.92 62.36 0.30 -1
ARC 31.92 62.36 29.09 75.44 42.47 75.30 0.30 1 13.38 -1
LINE 42.47 75.30 42.81 101.35 0.30 -1
ARC 42.81 101.35 30.67 102.62 30.00 114.81 0.30 1 12.21 -1
LINE 30.00 114.81 -24.61 114.46 0.30 -1
ARC -24.61 114.46 -25.75 101.33 -38.91 102.03 0.30 1 13.18 -1
LINE -38.91 102.03 -38.74 74.11 0.30 -1
ARC -38.74 74.11 -25.79 74.78 -26.82 61.85 0.30 1 12.97 -1
LINE -26.82 61.85 -22.57 61.85 0.30 -1
LINE -22.57 61.85 31.92 62.36 0.30 -1
ARC 31.92 62.36 29.09 75.44 42.47 75.30 0.30 1 13.38 -1
LINE 42.47 75.30 42.81 101.35 0.30 -1
ARC 42.81 101.35 30.67 102.62 30.00 114.81 0.30 1 12.21 -1
LINE 30.00 114.81 -24.61 114.46 0.30 -1
ARC -24.61 114.46 -25.75 101.33 -38.91 102.03 0.30 1 13.18 -1
LINE -38.91 102.03 -38.74 74.11 0.30 -1
ARC -38.74 74.11 -25.79 74.78 -26.82 61.85 0.30 1 12.97 -1
LINE -26.82 61.85 -22.57 61.85 0.30 -1
LINE -22.57 61.85 31.92 62.36 0.30 -1
ARC 31.92 62.36 29.09 75.44 42.47 75.30 0.30 1 13.38 -1
LINE 42.47 75.30 42.81 101.35 0.30 -1
ARC 42.81 101.35 30.67 102.62 30.00 114.81 0.30 1 12.21 -1
LINE 30.00 114.81 -24.61 114.46 0.30 -1
ARC -24.61 114.46 -25.75 101.33 -38.91 102.03 0.30 1 13.18 -1
LINE -38.91 102.03 -38.74 74.11 0.30 -1
ARC -38.74 74.11 -25.79 74.78 -26.82 61.85 0.30 1 12.97 -1
LINE -26.82 61.85 -22.57 61.85 0.30 -1
LINE -22.57 61.85 31.92 62.36 0.30 -1
